1.000000e-06 2.9375000000e-06
1.122018e-06 6.4516060875e-06
1.258925e-06 3.7767762300e-06
1.412538e-06 3.3547766575e-06
1.584893e-06 7.7263543013e-06
1.778279e-06 7.0019751769e-06
1.995262e-06 8.4798648175e-06
2.238721e-06 4.7572824225e-06
2.511886e-06 5.0237728600e-06
2.818383e-06 1.6734148647e-05
3.162278e-06 1.2649110640e-05
3.548134e-06 1.6410119241e-05
3.981072e-06 3.0604488771e-05
4.466836e-06 9.4920263300e-06
5.011872e-06 5.3251143613e-06
5.623413e-06 4.2175599375e-05
6.309573e-06 4.2589620720e-05
7.079458e-06 -4.4246611500e-07
7.943282e-06 6.9503720562e-06
8.912509e-06 4.4562546900e-05
1.000000e-05 7.2500000000e-05
1.122018e-05 1.7531538281e-05
1.258925e-05 -7.8682838125e-06
1.412538e-05 9.6229119913e-05
1.584893e-05 6.6367402331e-05
1.778279e-05 6.5574053244e-05
1.995262e-05 9.2280881837e-05
2.238721e-05 5.3169627075e-05
2.511886e-05 6.7506947806e-05
2.818383e-05 7.7505530575e-05
3.162278e-05 1.0277402395e-04
3.548134e-05 1.5079569032e-04
3.981072e-05 1.6173103822e-04
4.466836e-05 1.0608735310e-04
5.011872e-05 1.0336986701e-04
5.623413e-05 1.9681946375e-04
6.309573e-05 4.1012227360e-04
7.079458e-05 3.5839755315e-04
7.943282e-05 4.9645514687e-05
8.912509e-05 2.7294559976e-04
1.000000e-04 3.5000000000e-04
1.122018e-04 2.3141630531e-04
1.258925e-04 3.8554590681e-04
1.412538e-04 5.4735829675e-04
1.584893e-04 5.0518470431e-04
1.778279e-04 -5.5571231563e-05
1.995262e-04 2.7434856763e-04
2.238721e-04 1.3292406769e-03
2.511886e-04 1.0675517327e-03
2.818383e-04 5.9890637262e-04
3.162278e-04 1.7985454191e-03
3.548134e-04 2.0623528236e-03
3.981072e-04 2.4881698187e-05
4.466836e-04 -5.5835449000e-05
5.011872e-04 2.0673973402e-03
5.623413e-04 2.0384873031e-03
6.309573e-04 1.7351326960e-03
7.079458e-04 2.1680839635e-03
7.943282e-04 2.6808577931e-03
8.912509e-04 6.1273501988e-04
1.000000e-03 2.3125000000e-03
1.122018e-03 5.4698399437e-03
1.258925e-03 3.6194105538e-03
1.412538e-03 4.7673141975e-03
1.584893e-03 -7.9244659500e-04
1.778279e-03 -1.6893654395e-02
1.995262e-03 1.0101015444e-02
2.238721e-03 3.3720737171e-02
2.511886e-03 -3.3031306554e+00
2.818383e-03 -2.0517827730e+00
3.162278e-03 3.4911545366e+00
3.548134e-03 1.1837461691e+00
3.981072e-03 -2.2410945557e+00
4.466836e-03 7.0240994842e-01
5.011872e-03 1.7049763217e+00
5.623413e-03 7.5923108142e+00
6.309573e-03 6.2780255728e+00
7.079458e-03 -3.4937124440e+00
7.943282e-03 9.1620797356e+00
8.912509e-03 -5.3547470419e+00
1.000000e-02 -1.7917500000e+01
1.122018e-02 -3.8359005759e+00
1.258925e-02 -1.3447683864e+01
1.412538e-02 -5.1139155964e+01
1.584893e-02 -1.1925429752e+02
1.778279e-02 -3.0816359608e+02
1.995262e-02 -7.7063140903e+02
2.238721e-02 -1.8254392255e+03
2.511886e-02 -4.0977298192e+03
2.818383e-02 -8.8245700940e+03
3.162278e-02 -1.8446830502e+04
3.548134e-02 -3.7211723882e+04
3.981072e-02 -7.2592294746e+04
4.466836e-02 -1.3698437341e+05
5.011872e-02 -2.5058907499e+05
5.623413e-02 -4.4503436595e+05
6.309573e-02 -7.6768160852e+05
7.079458e-02 -1.2877218333e+06
7.943282e-02 -2.1037048650e+06
8.912509e-02 -3.3539290374e+06
1.000000e-01 -5.2335080813e+06
1.122018e-01 -8.0266127406e+06
1.258925e-01 -1.2172571396e+07
1.412538e-01 -1.8403016376e+07
1.584893e-01 -2.8023291930e+07
1.778279e-01 -4.3463156291e+07
1.995262e-01 -6.9334866457e+07
2.238721e-01 -1.1439079043e+08
2.511886e-01 -1.9505844224e+08
2.818383e-01 -3.4170473922e+08
3.162278e-01 -6.0957928946e+08
3.548134e-01 -1.0977606432e+09
3.981072e-01 -1.9819960888e+09
4.466836e-01 -3.5721544213e+09
5.011872e-01 -6.4150530618e+09
5.623413e-01 -1.1486909716e+10
6.309573e-01 -2.0583851147e+10
7.079458e-01 -3.7249126878e+10
7.943282e-01 -7.0000577407e+10
8.912509e-01 -1.5325062448e+11
1.000000e+00 -2.5137704332e+11
1.122018e+00 -3.0198837481e+11
1.258925e+00 -3.3474237063e+11
1.412538e+00 -3.6588849185e+11
1.584893e+00 -3.9163674133e+11
1.778279e+00 -4.0591293170e+11
1.995262e+00 -3.9985900650e+11
2.238721e+00 -3.6098433664e+11
2.511886e+00 -2.7220365214e+11
2.818383e+00 -1.1076081835e+11
3.162278e+00 1.5305296494e+11
3.548134e+00 5.5732001615e+11
3.981072e+00 1.1514952538e+12
4.466836e+00 1.9978736765e+12
5.011872e+00 3.1754134428e+12
5.623413e+00 4.7854239788e+12
6.309573e+00 6.9553588072e+12
7.079458e+00 9.8463978947e+12
7.943282e+00 1.3661676004e+13
8.912509e+00 1.8656693555e+13
1.000000e+01 2.5152260713e+13
1.122018e+01 3.3550598694e+13
1.258925e+01 4.4355374666e+13
1.412538e+01 5.8196617978e+13
1.584893e+01 7.5861705805e+13
1.778279e+01 9.8333847407e+13
1.995262e+01 1.2683985199e+14
2.238721e+01 1.6290935219e+14
2.511886e+01 2.0844811196e+14
2.818383e+01 2.6582869412e+14
3.162278e+01 3.3800239934e+14
3.548134e+01 4.2863732097e+14
3.981072e+01 5.4228839166e+14
4.466836e+01 6.8460656497e+14
5.011872e+01 8.6259594034e+14
5.623413e+01 1.0849294236e+15
6.309573e+01 1.3623360583e+15
7.079458e+01 1.7080758353e+15
7.943282e+01 2.1385214198e+15
8.912509e+01 2.6738704635e+15
1.000000e+02 3.3390173104e+15
1.122018e+02 4.1646192559e+15
1.258925e+02 5.1884003001e+15
1.412538e+02 6.4567440514e+15
1.584893e+02 8.0266402526e+15
1.778279e+02 9.9680607961e+15
1.995262e+02 1.2366860608e+16
2.238721e+02 1.5328317289e+16
2.511886e+02 1.8981447463e+16
2.818383e+02 2.3484271696e+16
3.162278e+02 2.9030230355e+16
3.548134e+02 3.5856002977e+16
3.981072e+02 4.4251033744e+16
4.466836e+02 5.4569131010e+16
5.011872e+02 6.7242593314e+16
5.623413e+02 8.2799400141e+16
6.309573e+02 1.0188412754e+17
7.079458e+02 1.2528341214e+17
7.943282e+02 1.5395688222e+17
8.912509e+02 1.8907483214e+17
1.000000e+03 2.3206397628e+17
1.122018e+03 2.8466302113e+17
1.258925e+03 3.4899031484e+17
1.412538e+03 4.2762589812e+17
1.584893e+03 5.2371125799e+17
1.778279e+03 6.4107039198e+17
1.995262e+03 7.8435680997e+17
2.238721e+03 9.5923199755e+17
2.511886e+03 1.1725818582e+18
2.818383e+03 1.4327794381e+18
3.162278e+03 1.7500035197e+18
3.548134e+03 2.1366249015e+18
3.981072e+03 2.6076747934e+18
4.466836e+03 3.1814124773e+18
5.011872e+03 3.8800131436e+18
5.623413e+03 4.7304010502e+18
6.309573e+03 5.7652588607e+18
7.079458e+03 7.0242491939e+18
7.943282e+03 8.5554934992e+18
8.912509e+03 1.0417361601e+19
1.000000e+04 1.2642030417e+19
