  1.160500e+00  1.000000e-06   -2.8869776072e+06   -2.4486569757e+15    6.1560137477e+08
  1.160500e+00  1.122018e-06   -3.1894514726e+06   -2.4489868130e+15    6.0160492522e+08
  1.160500e+00  1.258925e-06   -3.5229755173e+06   -2.4493115411e+15    5.8782293998e+08
  1.160500e+00  1.412538e-06   -3.8908950989e+06   -2.4496311999e+15    5.7425376407e+08
  1.160500e+00  1.584893e-06   -4.2966980841e+06   -2.4499458293e+15    5.6089574032e+08
  1.160500e+00  1.778279e-06   -4.7442186557e+06   -2.4502554691e+15    5.4774721293e+08
  1.160500e+00  1.995262e-06   -5.2376708267e+06   -2.4505601594e+15    5.3480652605e+08
  1.160500e+00  2.238721e-06   -5.7816851111e+06   -2.4508599399e+15    5.2207202238e+08
  1.160500e+00  2.511886e-06   -6.3813483828e+06   -2.4511548506e+15    5.0954204675e+08
  1.160500e+00  2.818383e-06   -7.0422477439e+06   -2.4514449314e+15    4.9721494229e+08
  1.160500e+00  3.162278e-06   -7.7705181458e+06   -2.4517302222e+15    4.8508905288e+08
  1.160500e+00  3.548134e-06   -8.5728945209e+06   -2.4520107629e+15    4.7316272238e+08
  1.160500e+00  3.981072e-06   -9.4567686730e+06   -2.4522865933e+15    4.6143429421e+08
  1.160500e+00  4.466836e-06   -1.0430251183e+07   -2.4525577535e+15    4.4990211268e+08
  1.160500e+00  5.011872e-06   -1.1502239179e+07   -2.4528242832e+15    4.3856452095e+08
  1.160500e+00  5.623413e-06   -1.2682489827e+07   -2.4530862225e+15    4.2741986325e+08
  1.160500e+00  6.309573e-06   -1.3981700741e+07   -2.4533436111e+15    4.1646648305e+08
  1.160500e+00  7.079458e-06   -1.5411597265e+07   -2.4535964891e+15    4.0570272409e+08
  1.160500e+00  7.943282e-06   -1.6985027576e+07   -2.4538448963e+15    3.9512693014e+08
  1.160500e+00  8.912509e-06   -1.8716066064e+07   -2.4540888725e+15    3.8473744511e+08
  1.160500e+00  1.000000e-05   -2.0620125835e+07   -2.4543284578e+15    3.7453261258e+08
  1.160500e+00  1.122018e-05   -2.2714080681e+07   -2.4545636919e+15    3.6451077671e+08
  1.160500e+00  1.258925e-05   -2.5016398087e+07   -2.4547946149e+15    3.5467028034e+08
  1.160500e+00  1.412538e-05   -2.7547282482e+07   -2.4550212666e+15    3.4500946814e+08
  1.160500e+00  1.584893e-05   -3.0328832101e+07   -2.4552436868e+15    3.3552668319e+08
  1.160500e+00  1.778279e-05   -3.3385207536e+07   -2.4554619156e+15    3.2622026957e+08
  1.160500e+00  1.995262e-05   -3.6742815184e+07   -2.4556759928e+15    3.1708857131e+08
  1.160500e+00  2.238721e-05   -4.0430506020e+07   -2.4558859584e+15    3.0812993141e+08
  1.160500e+00  2.511886e-05   -4.4479789106e+07   -2.4560918521e+15    2.9934269440e+08
  1.160500e+00  2.818383e-05   -4.8925064526e+07   -2.4562937140e+15    2.9072520358e+08
  1.160500e+00  3.162278e-05   -5.3803873026e+07   -2.4564915838e+15    2.8227580278e+08
  1.160500e+00  3.548134e-05   -5.9157166354e+07   -2.4566855016e+15    2.7399283585e+08
  1.160500e+00  3.981072e-05   -6.5029598747e+07   -2.4568755072e+15    2.6587464630e+08
  1.160500e+00  4.466836e-05   -7.1469839924e+07   -2.4570616406e+15    2.5791957826e+08
  1.160500e+00  5.011872e-05   -7.8530913716e+07   -2.4572439415e+15    2.5012597509e+08
  1.160500e+00  5.623413e-05   -8.6270559693e+07   -2.4574224500e+15    2.4249218085e+08
  1.160500e+00  6.309573e-05   -9.4751623879e+07   -2.4575972059e+15    2.3501653911e+08
  1.160500e+00  7.079458e-05   -1.0404247607e+08   -2.4577682491e+15    2.2769739361e+08
  1.160500e+00  7.943282e-05   -1.1421745779e+08   -2.4579356196e+15    2.2053308810e+08
  1.160500e+00  8.912509e-05   -1.2535736115e+08   -2.4580993572e+15    2.1352196647e+08
  1.160500e+00  1.000000e-04   -1.3754994147e+08   -2.4582595018e+15    2.0666237233e+08
  1.160500e+00  1.122018e-04   -1.5089046242e+08   -2.4584160934e+15    1.9995264970e+08
  1.160500e+00  1.258925e-04   -1.6548228066e+08   -2.4585691718e+15    1.9339114174e+08
  1.160500e+00  1.412538e-04   -1.8143746065e+08   -2.4587187769e+15    1.8697619280e+08
  1.160500e+00  1.584893e-04   -1.9887743707e+08   -2.4588649487e+15    1.8070614619e+08
  1.160500e+00  1.778279e-04   -2.1793370771e+08   -2.4590077270e+15    1.7457934588e+08
  1.160500e+00  1.995262e-04   -2.3874857197e+08   -2.4591471518e+15    1.6859413580e+08
  1.160500e+00  2.238721e-04   -2.6147591161e+08   -2.4592832629e+15    1.6274885921e+08
  1.160500e+00  2.511886e-04   -2.8628200370e+08   -2.4594161002e+15    1.5704186036e+08
  1.160500e+00  2.818383e-04   -3.1334638791e+08   -2.4595457037e+15    1.5147148272e+08
  1.160500e+00  3.162278e-04   -3.4286276310e+08   -2.4596721132e+15    1.4603607009e+08
  1.160500e+00  3.548134e-04   -3.7503992940e+08   -2.4597953687e+15    1.4073396628e+08
  1.160500e+00  3.981072e-04   -4.1010276847e+08   -2.4599155100e+15    1.3556351488e+08
  1.160500e+00  4.466836e-04   -4.4829325397e+08   -2.4600325771e+15    1.3052305989e+08
  1.160500e+00  5.011872e-04   -4.8987150499e+08   -2.4601466098e+15    1.2561094481e+08
  1.160500e+00  5.623413e-04   -5.3511685399e+08   -2.4602576481e+15    1.2082551359e+08
  1.160500e+00  6.309573e-04   -5.8432895134e+08   -2.4603657319e+15    1.1616510985e+08
  1.160500e+00  7.079458e-04   -6.3782887581e+08   -2.4604709010e+15    1.1162807735e+08
  1.160500e+00  7.943282e-04   -6.9596025801e+08   -2.4605731953e+15    1.0721275984e+08
  1.160500e+00  8.912509e-04   -7.5909039940e+08   -2.4606726549e+15    1.0291750115e+08
  1.160500e+00  1.000000e-03   -8.2761138205e+08   -2.4607693194e+15    9.8740644940e+07
  1.160500e+00  1.122018e-03   -9.0194114088e+08   -2.4608632290e+15    9.4680535129e+07
  1.160500e+00  1.258925e-03   -9.8252451108e+08   -2.4609544234e+15    9.0735515108e+07
  1.160500e+00  1.412538e-03   -1.0698341738e+09   -2.4610429426e+15    8.6903928989e+07
  1.160500e+00  1.584893e-03   -1.1643715657e+09   -2.4611288264e+15    8.3184120259e+07
  1.160500e+00  1.778279e-03   -1.2666676261e+09   -2.4612121148e+15    7.9574432793e+07
  1.160500e+00  1.995262e-03   -1.3772834308e+09   -2.4612928477e+15    7.6073210454e+07
  1.160500e+00  2.238721e-03   -1.4968106533e+09   -2.4613710649e+15    7.2678796700e+07
  1.160500e+00  2.511886e-03   -1.6258717621e+09   -2.4614468065e+15    6.9389535577e+07
  1.160500e+00  2.818383e-03   -1.7651200234e+09   -2.4615201121e+15    6.6203770663e+07
  1.160500e+00  3.162278e-03   -1.9152391312e+09   -2.4615910219e+15    6.3119845743e+07
  1.160500e+00  3.548134e-03   -2.0769424967e+09   -2.4616595757e+15    6.0136104598e+07
  1.160500e+00  3.981072e-03   -2.2509721031e+09   -2.4617258133e+15    5.7250890890e+07
  1.160500e+00  4.466836e-03   -2.4380968253e+09   -2.4617897747e+15    5.4462548507e+07
  1.160500e+00  5.011872e-03   -2.6391102144e+09   -2.4618514998e+15    5.1769421059e+07
  1.160500e+00  5.623413e-03   -2.8548275390e+09   -2.4619110285e+15    4.9169852404e+07
  1.160500e+00  6.309573e-03   -3.0860821169e+09   -2.4619684006e+15    4.6662186226e+07
  1.160500e+00  7.079458e-03   -3.3337207168e+09   -2.4620236562e+15    4.4244766275e+07
  1.160500e+00  7.943282e-03   -3.5985979797e+09   -2.4620768350e+15    4.1915936302e+07
  1.160500e+00  8.912509e-03   -3.8815697002e+09   -2.4621279770e+15    3.9674040095e+07
  1.160500e+00  1.000000e-02   -4.1834848573e+09   -2.4621771221e+15    3.7517421364e+07
  1.160500e+00  1.122018e-02   -4.5051761808e+09   -2.4622243102e+15    3.5444423941e+07
  1.160500e+00  1.258925e-02   -4.8474492209e+09   -2.4622695812e+15    3.3453391392e+07
  1.160500e+00  1.412538e-02   -5.2110695012e+09   -2.4623129750e+15    3.1542667650e+07
  1.160500e+00  1.584893e-02   -5.5967479512e+09   -2.4623545315e+15    2.9710596334e+07
  1.160500e+00  1.778279e-02   -6.0051240070e+09   -2.4623942906e+15    2.7955521255e+07
  1.160500e+00  1.995262e-02   -6.4367465149e+09   -2.4624322921e+15    2.6275786216e+07
  1.160500e+00  2.238721e-02   -6.8920521374e+09   -2.4624685761e+15    2.4669734828e+07
  1.160500e+00  2.511886e-02   -7.3713408595e+09   -2.4625031824e+15    2.3135710980e+07
  1.160500e+00  2.818383e-02   -7.8747488546e+09   -2.4625361509e+15    2.1672058341e+07
  1.160500e+00  3.162278e-02   -8.4022180288e+09   -2.4625675215e+15    2.0277120675e+07
  1.160500e+00  3.548134e-02   -8.9534624350e+09   -2.4625973341e+15    1.8949241747e+07
  1.160500e+00  3.981072e-02   -9.5279312994e+09   -2.4626256286e+15    1.7686765268e+07
  1.160500e+00  4.466836e-02   -1.0124768491e+10   -2.4626524449e+15    1.6488035046e+07
  1.160500e+00  5.011872e-02   -1.0742768652e+10   -2.4626778229e+15    1.5351394770e+07
  1.160500e+00  5.623413e-02   -1.1380329662e+10   -2.4627018025e+15    1.4275188237e+07
  1.160500e+00  6.309573e-02   -1.2035401985e+10   -2.4627244237e+15    1.3257759166e+07
  1.160500e+00  7.079458e-02   -1.2705434834e+10   -2.4627457262e+15    1.2297451309e+07
  1.160500e+00  7.943282e-02   -1.3387319776e+10   -2.4627657501e+15    1.1392608414e+07
  1.160500e+00  8.912509e-02   -1.4077332340e+10   -2.4627845352e+15    1.0541574247e+07
  1.160500e+00  1.000000e-01   -1.4771072572e+10   -2.4628021214e+15    9.7426925400e+06
  1.160500e+00  1.122018e-01   -1.5463405585e+10   -2.4628185487e+15    8.9943070726e+06
  1.160500e+00  1.258925e-01   -1.6148403965e+10   -2.4628338568e+15    8.2947615284e+06
  1.160500e+00  1.412538e-01   -1.6819293542e+10   -2.4628480858e+15    7.6423997215e+06
  1.160500e+00  1.584893e-01   -1.7468405906e+10   -2.4628612755e+15    7.0355653559e+06
  1.160500e+00  1.778279e-01   -1.8087140088e+10   -2.4628734658e+15    6.4726022021e+06
  1.160500e+00  1.995262e-01   -1.8665938189e+10   -2.4628846967e+15    5.9518540255e+06
  1.160500e+00  2.238721e-01   -1.9194279729e+10   -2.4628950080e+15    5.4716645322e+06
  1.160500e+00  2.511886e-01   -1.9660700852e+10   -2.4629044396e+15    5.0303775133e+06
  1.160500e+00  2.818383e-01   -2.0052846535e+10   -2.4629130314e+15    4.6263366941e+06
  1.160500e+00  3.162278e-01   -2.0357564623e+10   -2.4629208234e+15    4.2578858283e+06
  1.160500e+00  3.548134e-01   -2.0561053438e+10   -2.4629278554e+15    3.9233686684e+06
  1.160500e+00  3.981072e-01   -2.0649076520e+10   -2.4629341674e+15    3.6211289540e+06
  1.160500e+00  4.466836e-01   -2.0607261109e+10   -2.4629397992e+15    3.3495104485e+06
  1.160500e+00  5.011872e-01   -2.0421500220e+10   -2.4629447907e+15    3.1068568866e+06
  1.160500e+00  5.623413e-01   -2.0078482157e+10   -2.4629491819e+15    2.8915120274e+06
  1.160500e+00  6.309573e-01   -1.9566375826e+10   -2.4629530126e+15    2.7018196140e+06
  1.160500e+00  7.079458e-01   -1.8875705801e+10   -2.4629563228e+15    2.5361233956e+06
  1.160500e+00  7.943282e-01   -1.8000457393e+10   -2.4629591523e+15    2.3927671215e+06
  1.160500e+00  8.912509e-01   -1.6939459536e+10   -2.4629615410e+15    2.2700945430e+06
  1.160500e+00  1.000000e+00   -1.5698101998e+10   -2.4629635289e+15    2.1664494065e+06
  1.160500e+00  1.122018e+00   -1.4290454174e+10   -2.4629651558e+15    2.0801754643e+06
  1.160500e+00  1.258925e+00   -1.2741863752e+10   -2.4629664617e+15    2.0096164581e+06
  1.160500e+00  1.412538e+00   -1.1092129730e+10   -2.4629674865e+15    1.9531161437e+06
  1.160500e+00  1.584893e+00   -9.3993574727e+09   -2.4629682700e+15    1.9090182659e+06
  1.160500e+00  1.778279e+00   -7.7446266579e+09   -2.4629688521e+15    1.8756665755e+06
  1.160500e+00  1.995262e+00   -6.2376219314e+09   -2.4629692729e+15    1.8514048221e+06
  1.160500e+00  2.238721e+00   -5.0234039998e+09   -2.4629695720e+15    1.8345767524e+06
  1.160500e+00  2.511886e+00   -4.2905297953e+09   -2.4629697896e+15    1.8235261171e+06
  1.160500e+00  2.818383e+00   -4.2807630473e+09   -2.4629699654e+15    1.8165966641e+06
  1.160500e+00  3.162278e+00   -5.3006611944e+09   -2.4629701393e+15    1.8121321425e+06
  1.160500e+00  3.548134e+00   -7.7353693580e+09   -2.4629703513e+15    1.8084763012e+06
  1.160500e+00  3.981072e+00   -1.2065008861e+10   -2.4629706413e+15    1.8039728889e+06
  1.160500e+00  4.466836e+00   -1.8884111316e+10   -2.4629710492e+15    1.7969656547e+06
  1.160500e+00  5.011872e+00   -2.9112410377e+10   -2.4629716148e+15    1.7857983473e+06
  1.160500e+00  5.623413e+00   -4.4094141860e+10   -2.4629723867e+15    1.7674346948e+06
  1.160500e+00  6.309573e+00   -6.5439015824e+10   -2.4629734203e+15    1.7358732525e+06
  1.160500e+00  7.079458e+00   -9.5713643790e+10   -2.4629747749e+15    1.6773860507e+06
  1.160500e+00  7.943282e+00   -1.4407528462e+11   -2.4629765350e+15    3.3838773452e+05
  1.160500e+00  8.912509e+00   -2.0990598472e+11   -2.4629789533e+15    8.8217336553e+03
  1.160500e+00  1.000000e+01   -2.7960261240e+11   -2.4629819584e+15    1.8805139849e+03
  1.160500e+00  1.122018e+01   -3.4794065588e+11   -2.4629853914e+15    7.1141637963e+02
  1.160500e+00  1.258925e+01   -4.1001826461e+11   -2.4629890988e+15    3.7379158762e+02
  1.160500e+00  1.412538e+01   -4.5458782506e+11   -2.4629928906e+15    2.4318990212e+02
  1.160500e+00  1.584893e+01   -4.6227802152e+11   -2.4629965091e+15    1.7977348849e+02
  1.160500e+00  1.778279e+01   -4.0286725394e+11   -2.4629996068e+15    1.4269483196e+02
  1.160500e+00  1.995262e+01   -2.3198932556e+11   -2.4630017256e+15    1.1788120512e+02
  1.160500e+00  2.238721e+01    1.1262442927e+11   -2.4630022840e+15    9.9778737616e+01
  1.160500e+00  2.511886e+01    7.1633787955e+11   -2.4630005672e+15    8.5891329240e+01
  1.160500e+00  2.818383e+01    1.6944951398e+12   -2.4629957175e+15    7.4938646246e+01
  1.160500e+00  3.162278e+01    3.2018397856e+12   -2.4629867234e+15    6.6166716241e+01
  1.160500e+00  3.548134e+01    5.4455985116e+12   -2.4629724036e+15    5.9070405690e+01
  1.160500e+00  3.981072e+01    8.7036428146e+12   -2.4629513838e+15    5.3275677119e+01
  1.160500e+00  4.466836e+01    1.3349433674e+13   -2.4629220632e+15    4.8488192758e+01
  1.160500e+00  5.011872e+01    1.9885853221e+13   -2.4628825695e+15    4.4475753031e+01
  1.160500e+00  5.623413e+01    2.8990607619e+13   -2.4628307024e+15    4.1054688889e+01
  1.160500e+00  6.309573e+01    4.1576691608e+13   -2.4627638634e+15    3.8084816157e+01
  1.160500e+00  7.079458e+01    5.8872418177e+13   -2.4626789744e+15    3.5462895646e+01
  1.160500e+00  7.943282e+01    8.2526591053e+13   -2.4625723816e+15    3.3114851678e+01
  1.160500e+00  8.912509e+01    1.1474630435e+14   -2.4624397477e+15    3.0990368618e+01
  1.160500e+00  1.000000e+02    1.5847534701e+14   -2.4622759296e+15    2.9055823429e+01
  1.160500e+00  1.122018e+02    2.1762403944e+14   -2.4620748448e+15    2.7288536682e+01
  1.160500e+00  1.258925e+02    2.9736310228e+14   -2.4618293256e+15    2.5673073991e+01
  1.160500e+00  1.412538e+02    4.0449589377e+14   -2.4615309652e+15    2.4197452920e+01
  1.160500e+00  1.584893e+02    5.4792845928e+14   -2.4611699547e+15    2.2850119204e+01
  1.160500e+00  1.778279e+02    7.3926022090e+14   -2.4607349166e+15    2.1620004313e+01
  1.160500e+00  1.995262e+02    9.9352795172e+14   -2.4602127319e+15    2.0495421974e+01
  1.160500e+00  2.238721e+02    1.3301280048e+15   -2.4595883593e+15    1.9462898150e+01
  1.160500e+00  2.511886e+02    1.7740151529e+15   -2.4588446594e+15    1.8509839596e+01
  1.160500e+00  2.818383e+02    2.3571783416e+15   -2.4579621628e+15    1.7622962821e+01
  1.160500e+00  3.162278e+02    3.1205066159e+15   -2.4569188729e+15    1.6790077828e+01
  1.160500e+00  3.548134e+02    4.1162064043e+15   -2.4556899929e+15    1.5999583358e+01
  1.160500e+00  3.981072e+02    5.4108118359e+15   -2.4542476333e+15    1.5242671269e+01
  1.160500e+00  4.466836e+02    7.0890222448e+15   -2.4525604701e+15    1.4511134113e+01
  1.160500e+00  5.011872e+02    9.2585523354e+15   -2.4505933516e+15    1.3799221338e+01
  1.160500e+00  5.623413e+02    1.2056255199e+16   -2.4483068493e+15    1.3103417901e+01
  1.160500e+00  6.309573e+02    1.5655838079e+16   -2.4456567496e+15    1.2421098769e+01
  1.160500e+00  7.079458e+02    2.0277560894e+16   -2.4425934838e+15    1.1752149633e+01
  1.160500e+00  7.943282e+02    2.6200400005e+16   -2.4390614974e+15    1.1096586305e+01
  1.160500e+00  8.912509e+02    3.3777268619e+16   -2.4349985567e+15    1.0455983900e+01
  1.160500e+00  1.000000e+03    4.3454019079e+16   -2.4303349949e+15    9.8321057321e+00
  1.160500e+00  1.122018e+03    5.5793108913e+16   -2.4249928992e+15    9.2271559849e+00
  1.160500e+00  1.258925e+03    7.1503022869e+16   -2.4188852384e+15    8.6433394934e+00
  1.160500e+00  1.412538e+03    9.1474766888e+16   -2.4119149366e+15    8.0824989281e+00
  1.160500e+00  1.584893e+03    1.1682706019e+17   -2.4039738871e+15    7.5466732480e+00
  1.160500e+00  1.778279e+03    1.4896220379e+17   -2.3949419158e+15    7.0370089827e+00
  1.160500e+00  1.995262e+03    1.8963510614e+17   -2.3846856838e+15    6.5544704864e+00
  1.160500e+00  2.238721e+03    2.4103818119e+17   -2.3730575265e+15    6.0997791071e+00
  1.160500e+00  2.511886e+03    3.0590611913e+17   -2.3598942564e+15    5.6727237354e+00
  1.160500e+00  2.818383e+03    3.8764478217e+17   -2.3450158579e+15    5.2733379325e+00
  1.160500e+00  3.162278e+03    4.9048931245e+17   -2.3282241420e+15    4.9007311225e+00
  1.160500e+00  3.548134e+03    6.1969863098e+17   -2.3093013035e+15    4.5540236070e+00
  1.160500e+00  3.981072e+03    7.8179403013e+17   -2.2880083868e+15    4.2320913022e+00
  1.160500e+00  4.466836e+03    9.8485185259e+17   -2.2640836483e+15    3.9336061781e+00
  1.160500e+00  5.011872e+03    1.2388623971e+18   -2.2372407912e+15    3.6570514408e+00
  1.160500e+00  5.623413e+03    1.5561696956e+18   -2.2071670731e+15    3.4009913914e+00
  1.160500e+00  6.309573e+03    1.9520103013e+18   -2.1735212501e+15    3.1638999485e+00
  1.160500e+00  7.079458e+03    2.4451728343e+18   -2.1359313571e+15    2.9442904736e+00
  1.160500e+00  7.943282e+03    3.0588050000e+18   -2.0939922992e+15    2.7407218636e+00
  1.160500e+00  8.912509e+03    3.8214004229e+18   -2.0472632412e+15    2.5519078247e+00
  1.160500e+00  1.000000e+04    4.7453765389e+18   -1.9952647774e+15    2.3765626422e+00
