1.000000e-06 1.0061813000e+01
1.122018e-06 1.0798016082e+01
1.258925e-06 1.1684271792e+01
1.412538e-06 1.2708819191e+01
1.584893e-06 1.3815556729e+01
1.778279e-06 1.5037009768e+01
1.995262e-06 1.6446582088e+01
2.238721e-06 1.7944236471e+01
2.511886e-06 1.9539572685e+01
2.818383e-06 2.1506967404e+01
3.162278e-06 2.3555799965e+01
3.548134e-06 2.5775847968e+01
3.981072e-06 2.8392684950e+01
4.466836e-06 3.1207080137e+01
5.011872e-06 3.4155363703e+01
5.623413e-06 3.7471608568e+01
6.309573e-06 4.1454339171e+01
7.079458e-06 4.5844487611e+01
7.943282e-06 5.0559548188e+01
8.912509e-06 5.5908305028e+01
1.000000e-05 6.1760000000e+01
1.122018e-05 6.8367467746e+01
1.258925e-05 7.5900562612e+01
1.412538e-05 8.4188169659e+01
1.584893e-05 9.2985239687e+01
1.778279e-05 1.0321521361e+02
1.995262e-05 1.1522364494e+02
2.238721e-05 1.2852095095e+02
2.511886e-05 1.4300804953e+02
2.818383e-05 1.5918829923e+02
3.162278e-05 1.7723092663e+02
3.548134e-05 1.9812893182e+02
3.981072e-05 2.2224595572e+02
4.466836e-05 2.4787629431e+02
5.011872e-05 2.7599554017e+02
5.623413e-05 3.1113749430e+02
6.309573e-05 3.5041200392e+02
7.079458e-05 3.9233024411e+02
7.943282e-05 4.4481872790e+02
8.912509e-05 5.0261802536e+02
1.000000e-04 5.6927130000e+02
1.122018e-04 6.4823673453e+02
1.258925e-04 7.3892249262e+02
1.412538e-04 8.5013345839e+02
1.584893e-04 9.8615778781e+02
1.778279e-04 1.1497662914e+03
1.995262e-04 1.3394616887e+03
2.238721e-04 1.4627188280e+03
2.511886e-04 -1.0051564738e+01
2.818383e-04 -3.4594809742e+04
3.162278e-04 8.1594854315e+04
3.548134e-04 2.0208858502e+05
3.981072e-04 6.3841381506e+07
4.466836e-04 1.0030906939e+07
5.011872e-04 -6.9041126798e+07
5.623413e-04 -3.3873266282e+04
6.309573e-04 -5.5129042354e+04
7.079458e-04 -3.6887242516e+05
7.943282e-04 1.0829573169e+08
8.912509e-04 1.2205431419e+08
1.000000e-03 3.1410415700e+05
1.122018e-03 2.1872650654e+06
1.258925e-03 -1.9358166990e+08
1.412538e-03 -2.2878910639e+08
1.584893e-03 -9.4407452625e+06
1.778279e-03 2.2315613556e+06
1.995262e-03 -3.8466283972e+06
2.238721e-03 6.2466878248e+08
2.511886e-03 4.2627124656e+08
2.818383e-03 -3.1581720162e+08
3.162278e-03 -2.5685175837e+07
3.548134e-03 -1.5764673380e+06
3.981072e-03 -4.9381592669e+08
4.466836e-03 2.3503513826e+08
5.011872e-03 6.9682250560e+08
5.623413e-03 -1.2494938111e+09
6.309573e-03 3.0389564485e+08
7.079458e-03 1.1497476173e+09
7.943282e-03 -4.9682604574e+08
8.912509e-03 -1.3882566848e+09
1.000000e-02 6.2849987309e+08
1.122018e-02 3.1345875141e+09
1.258925e-02 -7.9416809190e+08
1.412538e-02 -9.9469332007e+07
1.584893e-02 -2.5741632381e+09
1.778279e-02 -2.0358733559e+09
1.995262e-02 1.6830838858e+08
2.238721e-02 -3.6807732382e+09
2.511886e-02 4.6331748193e+08
2.818383e-02 6.8128169006e+09
3.162278e-02 -8.2986875419e+08
3.548134e-02 -8.4954762796e+09
3.981072e-02 1.0286373650e+10
4.466836e-02 7.1941670061e+09
5.011872e-02 -4.8518453617e+09
5.623413e-02 -8.9535624445e+09
6.309573e-02 3.8046089422e+08
7.079458e-02 1.5998913179e+10
7.943282e-02 -4.7332602919e+08
8.912509e-02 -1.7372592874e+10
1.000000e-01 -1.6135867096e+10
1.122018e-01 1.4973856254e+10
1.258925e-01 2.1329299641e+10
1.412538e-01 -2.3764153757e+10
1.584893e-01 -2.6748328799e+10
1.778279e-01 4.6283839515e+10
1.995262e-01 3.1814533874e+10
2.238721e-01 -2.2004995458e+10
2.511886e-01 4.2269363477e+09
2.818383e-01 -4.5725123359e+10
3.162278e-01 -5.5337257261e+09
3.548134e-01 7.7929585475e+10
3.981072e-01 2.5175862747e+10
4.466836e-01 -8.7673261160e+10
5.011872e-01 -1.1069067563e+11
5.623413e-01 6.5589124543e+10
6.309573e-01 3.1657645689e+09
7.079458e-01 -8.1484935317e+10
7.943282e-01 -5.1264729560e+09
8.912509e-01 -2.0507179152e+10
1.000000e+00 1.3843266010e+11
1.122018e+00 1.3882155155e+11
1.258925e+00 4.4342369531e+10
1.412538e+00 4.1948345723e+10
1.584893e+00 -2.6625926978e+11
1.778279e+00 -2.1353400683e+11
1.995262e+00 4.4409225912e+10
2.238721e+00 -3.9748274289e+10
2.511886e+00 1.1491316107e+11
2.818383e+00 -1.6258330029e+11
3.162278e+00 -4.1951548463e+11
3.548134e+00 -1.2653003333e+11
3.981072e+00 -1.5466197395e+11
4.466836e+00 -2.0255892691e+11
5.011872e+00 -2.5879665033e+11
5.623413e+00 -3.2151179302e+11
6.309573e+00 -3.8719714573e+11
7.079458e+00 -4.4984782421e+11
7.943282e+00 -4.9952281693e+11
8.912509e+00 -5.2016155886e+11
1.000000e+01 -4.8703626582e+11
1.122018e+01 -3.6365445890e+11
1.258925e+01 -9.7825539560e+10
1.412538e+01 3.8337017493e+11
1.584893e+01 1.1800080965e+12
1.778279e+01 2.4275203949e+12
1.995262e+01 4.3071539439e+12
2.238721e+01 7.0592936118e+12
2.511886e+01 1.1000423675e+13
2.818383e+01 1.6544732821e+13
3.162278e+01 2.4231675252e+13
3.548134e+01 3.4761218542e+13
3.981072e+01 4.9039168340e+13
4.466836e+01 6.8234164821e+13
5.011872e+01 9.3853767330e+13
5.623413e+01 1.2783884725e+14
6.309573e+01 1.7268388480e+14
7.079458e+01 2.3159453372e+14
7.943282e+01 3.0868377673e+14
8.912509e+01 4.0922315494e+14
1.000000e+02 5.3995436116e+14
1.122018e+02 7.0949950489e+14
1.258925e+02 9.2885820524e+14
1.412538e+02 1.2120331951e+15
1.584893e+02 1.5768420289e+15
1.778279e+02 2.0459117113e+15
1.995262e+02 2.6479424973e+15
2.238721e+02 3.4192953607e+15
2.511886e+02 4.4059866492e+15
2.818383e+02 5.6661920336e+15
3.162278e+02 7.2733813203e+15
3.548134e+02 9.3202393084e+15
3.981072e+02 1.1923555606e+16
4.466836e+02 1.5230308183e+16
5.011872e+02 1.9425222554e+16
5.623413e+02 2.4740140147e+16
6.309573e+02 3.1465614769e+16
7.079458e+02 3.9965242562e+16
7.943282e+02 5.0693351254e+16
8.912509e+02 6.4216806290e+16
1.000000e+03 8.1241870154e+16
1.122018e+03 1.0264726070e+17
1.258925e+03 1.2952480537e+17
1.412538e+03 1.6322931831e+17
1.584893e+03 2.0543994784e+17
1.778279e+03 2.5823538148e+17
1.995262e+03 3.2418596305e+17
2.238721e+03 4.0646666499e+17
2.511886e+03 5.0899531559e+17
2.818383e+03 6.3660180125e+17
3.162278e+03 7.9523495651e+17
3.548134e+03 9.9221546385e+17
3.981072e+03 1.2365449015e+18
4.466836e+03 1.5392830144e+18
5.011872e+03 1.9140082757e+18
5.623413e+03 2.3773796528e+18
6.309573e+03 2.9498215339e+18
7.079458e+03 3.6563582996e+18
7.943282e+03 4.5276307047e+18
8.912509e+03 5.6011329513e+18
1.000000e+04 6.8948959891e+18
