1.000000e-06 2.3750000000e-05
1.122018e-06 7.4894731538e-05
1.258925e-06 9.3475211693e-05
1.412538e-06 1.0629344989e-04
1.584893e-06 1.0658406703e-04
1.778279e-06 1.1425445209e-04
1.995262e-06 1.5912216922e-04
2.238721e-06 1.5894920094e-04
2.511886e-06 2.0471874405e-04
2.818383e-06 2.1490169841e-04
3.162278e-06 2.2215000562e-04
3.548134e-06 2.3772497063e-04
3.981072e-06 2.6772707250e-04
4.466836e-06 3.3612940298e-04
5.011872e-06 3.2451873402e-04
5.623413e-06 3.6973942119e-04
6.309573e-06 4.4167014080e-04
7.079458e-06 5.2034015124e-04
7.943282e-06 6.2751930565e-04
8.912509e-06 6.6175382146e-04
1.000000e-05 5.8250000000e-04
1.122018e-05 8.5273402200e-04
1.258925e-05 7.8997569478e-04
1.412538e-05 9.7111955875e-04
1.584893e-05 9.9055824375e-04
1.778279e-05 9.0692249910e-04
1.995262e-05 1.2769678784e-03
2.238721e-05 1.6454600379e-03
2.511886e-05 1.5196912902e-03
2.818383e-05 1.0850774281e-03
3.162278e-05 2.1977829737e-03
3.548134e-05 2.4925640577e-03
3.981072e-05 3.1251412923e-03
4.466836e-05 2.9257775276e-03
5.011872e-05 1.8418630849e-03
5.623413e-05 2.7132968931e-03
6.309573e-05 3.3282999896e-03
7.079458e-05 4.9556204880e-03
7.943282e-05 5.1432753216e-03
8.912509e-05 4.8795988856e-03
1.000000e-04 6.8250000000e-03
1.122018e-04 7.3492208475e-03
1.258925e-04 6.2316807795e-03
1.412538e-04 5.4735829675e-03
1.584893e-04 1.0103694086e-02
1.778279e-04 1.0758590431e-02
1.995262e-04 1.2919323457e-02
2.238721e-04 1.4159911211e-02
2.511886e-04 1.2308243507e-02
2.818383e-04 1.5853403981e-02
3.162278e-04 1.8657438194e-02
3.548134e-04 1.8361592881e-02
3.981072e-04 1.8113876280e-02
4.466836e-04 2.5795977438e-02
5.011872e-04 2.4683471274e-02
5.623413e-04 2.3196579656e-02
6.309573e-04 4.0539009352e-02
7.079458e-04 4.6370448852e-02
7.943282e-04 4.5872455571e-02
8.912509e-04 2.2949711654e-02
1.000000e-03 5.1750000000e-02
1.122018e-03 7.5736245375e-02
1.258925e-03 4.7839165580e-02
1.412538e-03 6.2857920530e-02
1.584893e-03 7.6471096418e-02
1.778279e-03 8.9803110205e-02
1.995262e-03 1.0674653358e-01
2.238721e-03 7.6116518760e-02
2.511886e-03 6.5309047180e-02
2.818383e-03 1.6628459287e-01
3.162278e-03 1.8736495136e-01
3.548134e-03 2.0401769867e-01
3.981072e-03 2.5876966115e-01
4.466836e-03 1.5522254822e-01
5.011872e-03 1.0900822340e-01
5.623413e-03 2.8117066250e-01
6.309573e-03 2.3187682392e-01
7.079458e-03 2.9379750036e-01
7.943282e-03 6.6723571740e-01
8.912509e-03 9.9151666852e-01
1.000000e-02 2.2100000000e+00
1.122018e-02 5.5876518810e+00
1.258925e-02 1.4474494901e+01
1.412538e-02 3.7863068760e+01
1.584893e-02 9.5541323726e+01
1.778279e-02 2.3479956760e+02
1.995262e-02 5.6148177850e+02
2.238721e-02 1.3017715685e+03
2.511886e-02 2.9301280800e+03
2.818383e-02 6.4040847046e+03
3.162278e-02 1.3599161623e+04
3.548134e-02 2.8072861949e+04
3.981072e-02 5.6359942624e+04
4.466836e-02 1.1008270332e+05
5.011872e-02 2.0923860346e+05
5.623413e-02 3.8709331665e+05
6.309573e-02 6.9703058188e+05
7.079458e-02 1.2215339200e+06
7.943282e-02 2.0828639658e+06
8.912509e-02 3.4538918318e+06
1.000000e-01 5.5656398500e+06
1.122018e-01 8.7050589663e+06
1.258925e-01 1.3192391510e+07
1.412538e-01 1.9321058910e+07
1.584893e-01 2.7237541886e+07
1.778279e-01 3.6732194086e+07
1.995262e-01 4.6912830503e+07
2.238721e-01 5.5755956125e+07
2.511886e-01 5.9603550855e+07
2.818383e-01 5.2876502017e+07
3.162278e-01 2.8768948926e+07
3.548134e-01 -1.7194397869e+07
3.981072e-01 -7.6675252531e+07
4.466836e-01 -1.0574351539e+08
5.011872e-01 -1.1433740176e+08
5.623413e-01 -1.6690062440e+09
6.309573e-01 -6.3789295254e+09
7.079458e-01 -1.3769911303e+10
7.943282e-01 -2.3400866144e+10
8.912509e-01 -3.5231390554e+10
1.000000e+00 -4.9154206372e+10
1.122018e+00 -6.4907294255e+10
1.258925e+00 -8.2126302482e+10
1.412538e+00 -1.0038531180e+11
1.584893e+00 -1.1915047784e+11
1.778279e+00 -1.3769299660e+11
1.995262e+00 -1.5494309561e+11
2.238721e+00 -1.6932382938e+11
2.511886e+00 -1.7854573841e+11
2.818383e+00 -1.7934322852e+11
3.162278e+00 -1.6712832802e+11
3.548134e+00 -1.3553524274e+11
3.981072e+00 -7.5826574779e+10
4.466836e+00 2.3873377474e+10
5.011872e+00 1.7956180104e+11
5.623413e+00 4.1261606734e+11
6.309573e+00 7.5141202867e+11
7.079458e+00 1.2334205983e+12
7.943282e+00 1.9079517527e+12
8.912509e+00 2.8397828600e+12
1.000000e+01 4.1139975000e+12
1.122018e+01 5.8424794647e+12
1.258925e+01 8.1726857953e+12
1.412538e+01 1.1299182337e+13
1.584893e+01 1.5479737733e+13
1.778279e+01 2.1055764105e+13
1.995262e+01 2.8478633258e+13
2.238721e+01 3.8343790377e+13
2.511886e+01 5.1431777616e+13
2.818383e+01 6.8758369967e+13
3.162278e+01 9.1634938757e+13
3.548134e+01 1.2174327747e+14
3.981072e+01 1.6121544514e+14
4.466836e+01 2.1276627380e+14
5.011872e+01 2.7982323218e+14
5.623413e+01 3.6668803478e+14
6.309573e+01 4.7878733275e+14
7.079458e+01 6.2293752310e+14
7.943282e+01 8.0769945750e+14
8.912509e+01 1.0438182871e+15
1.000000e+02 1.3447730700e+15
1.122018e+02 1.7274624980e+15
1.258925e+02 2.2130593129e+15
1.412538e+02 2.8280727553e+15
1.584893e+02 3.6056679773e+15
1.778279e+02 4.5873009037e+15
1.995262e+02 5.8247409622e+15
2.238721e+02 7.3825696751e+15
2.511886e+02 9.3412615903e+15
2.818383e+02 1.1800979949e+16
3.162278e+02 1.4886245833e+16
3.548134e+02 1.8751677782e+16
3.981072e+02 2.3589039245e+16
4.466836e+02 2.9635889970e+16
5.011872e+02 3.7186196703e+16
5.623413e+02 4.6603335413e+16
6.309573e+02 5.8336026328e+16
7.079458e+02 7.2937846395e+16
7.943282e+02 9.1091110494e+16
8.912509e+02 1.1363608906e+17
1.000000e+03 1.4160673101e+17
1.122018e+03 1.7627433110e+17
1.258925e+03 2.1920088817e+17
1.412538e+03 2.7230422531e+17
1.584893e+03 3.3793751772e+17
1.778279e+03 4.1898627908e+17
1.995262e+03 5.1898665884e+17
2.238721e+03 6.4226964660e+17
2.511886e+03 7.9413673767e+17
2.818383e+03 9.8107397402e+17
3.162278e+03 1.2110124631e+18
3.548134e+03 1.4936454812e+18
3.981072e+03 1.8408142636e+18
4.466836e+03 2.2669771208e+18
5.011872e+03 2.7897797841e+18
5.623413e+03 3.4307483694e+18
6.309573e+03 4.2161312229e+18
7.079458e+03 5.1779209107e+18
7.943282e+03 6.3550947115e+18
8.912509e+03 7.7951194431e+18
1.000000e+04 9.5226340059e+18
