1.000000e-06 1.5250000000e-05
1.122018e-06 5.5259408662e-05
1.258925e-06 7.3017673780e-05
1.412538e-06 7.0273742615e-05
1.584893e-06 7.0527746955e-05
1.778279e-06 8.4023702122e-05
1.995262e-06 1.0525008685e-04
2.238721e-06 1.1585381899e-04
2.511886e-06 1.2433837829e-04
2.818383e-06 9.8643402550e-05
3.162278e-06 1.6364786891e-04
3.548134e-06 1.9071219659e-04
3.981072e-06 1.8910090623e-04
4.466836e-06 2.5795977438e-04
5.011872e-06 2.3430503190e-04
5.623413e-06 2.1790726344e-04
6.309573e-06 2.8550819816e-04
7.079458e-06 3.1326600942e-04
7.943282e-06 3.3758949988e-04
8.912509e-06 4.5899423307e-04
1.000000e-05 4.8000000000e-04
1.122018e-05 6.1991519363e-04
1.258925e-05 5.5077986687e-04
1.412538e-05 4.0963588660e-04
1.584893e-05 5.4678815055e-04
1.778279e-05 7.7799724188e-04
1.995262e-05 1.0475127128e-03
2.238721e-05 1.0410053301e-03
2.511886e-05 8.1008337367e-04
2.818383e-05 1.2400884892e-03
3.162278e-05 1.4467420295e-03
3.548134e-05 1.2507171962e-03
3.981072e-05 2.0203938928e-03
4.466836e-05 1.8537369068e-03
5.011872e-05 2.2177535105e-03
5.623413e-05 2.5727115619e-03
6.309573e-05 1.9559677664e-03
7.079458e-05 2.4601115994e-03
7.943282e-05 3.4156114105e-03
8.912509e-05 3.7432539396e-03
1.000000e-04 4.1500000000e-03
1.122018e-04 4.1514682650e-03
1.258925e-04 4.7524434227e-03
1.412538e-04 6.6036129995e-03
1.584893e-04 5.1112805378e-03
1.778279e-04 5.8683220530e-03
1.995262e-04 6.8337734117e-03
2.238721e-04 9.1787566740e-03
2.511886e-04 1.2873417954e-02
2.818383e-04 9.4415828155e-03
3.162278e-04 7.8266372085e-03
3.548134e-04 1.0644401670e-02
3.981072e-04 1.3137536643e-02
4.466836e-04 1.8760710864e-02
5.011872e-04 2.3806393615e-02
5.623413e-04 1.7854337069e-02
6.309573e-04 1.9401938328e-02
7.079458e-04 2.2123305750e-02
7.943282e-04 1.9461041757e-02
8.912509e-04 2.9634093689e-02
1.000000e-03 3.9500000000e-02
1.122018e-03 3.6465599625e-02
1.258925e-03 3.6194105538e-02
1.412538e-03 6.3564189300e-02
1.584893e-03 5.5075038353e-02
1.778279e-03 5.1125533037e-02
1.995262e-03 6.8337734117e-02
2.238721e-03 6.0445470780e-02
2.511886e-03 7.0332820040e-02
2.818383e-03 9.0188253760e-02
3.162278e-03 1.2253825933e-01
3.548134e-03 1.4636052296e-01
3.981072e-03 1.3635170607e-01
4.466836e-03 1.9430736252e-01
5.011872e-03 3.9969681911e-01
5.623413e-03 1.0164319449e+00
6.309573e-03 2.6547530249e+00
7.079458e-03 -4.2972309089e+00
7.943282e-03 -7.3316496091e+00
8.912509e-03 2.8208092188e+00
1.000000e-02 6.6800000000e+00
1.122018e-02 7.1107919269e+00
1.258925e-02 3.1787866603e+00
1.412538e-02 5.4488635605e+00
1.584893e-02 1.5888554230e+01
1.778279e-02 2.9079314052e+01
1.995262e-02 4.5312407060e+01
2.238721e-02 4.5110230971e+01
2.511886e-02 -1.9372924091e+01
2.818383e-02 -3.0251817775e+02
3.162278e-02 -1.2000132207e+03
3.548134e-02 -3.6365267755e+03
3.981072e-02 -9.6634842733e+03
4.466836e-02 -2.3649819118e+04
5.011872e-02 -5.4484139386e+04
5.623413e-02 -1.1953433680e+05
6.309573e-02 -2.5184679737e+05
7.079458e-02 -5.1203175261e+05
7.943282e-02 -1.0082600713e+06
8.912509e-02 -1.9292632767e+06
1.000000e-01 -3.5968177000e+06
1.122018e-01 -6.5494396447e+06
1.258925e-01 -1.1674544359e+07
1.412538e-01 -2.0416980787e+07
1.584893e-01 -3.5109074899e+07
1.778279e-01 -5.9496238718e+07
1.995262e-01 -9.9580694753e+07
2.238721e-01 -1.6498768707e+08
2.511886e-01 -2.7119716165e+08
2.818383e-01 -4.4322166800e+08
3.162278e-01 -7.2172554529e+08
3.548134e-01 -1.1733238546e+09
3.981072e-01 -1.9081918476e+09
4.466836e-01 -3.1108840272e+09
5.011872e-01 -5.0962807643e+09
5.623413e-01 -8.4174469497e+09
6.309573e-01 -1.4096863199e+10
7.079458e-01 -2.4240214800e+10
7.943282e-01 -4.5681144331e+10
8.912509e-01 -8.4174652366e+10
1.000000e+00 -1.1218671360e+11
1.122018e+00 -1.1809533469e+11
1.258925e+00 -1.2322151700e+11
1.412538e+00 -1.2656453359e+11
1.584893e+00 -1.2602719202e+11
1.778279e+00 -1.1911769621e+11
1.995262e+00 -1.0266818137e+11
2.238721e+00 -7.2488395211e+10
2.511886e+00 -2.2900308295e+10
2.818383e+00 5.3881714248e+10
3.162278e+00 1.6847312731e+11
3.548134e+00 3.3554611596e+11
3.981072e+00 5.7459281675e+11
4.466836e+00 9.1143497738e+11
5.011872e+00 1.3803667492e+12
5.623413e+00 2.0258523101e+12
6.309573e+00 2.9056189619e+12
7.079458e+00 4.0942869394e+12
7.943282e+00 5.6881461288e+12
8.912509e+00 7.8113470365e+12
1.000000e+01 1.0623893622e+13
1.122018e+01 1.4331916562e+13
1.258925e+01 1.9200826278e+13
1.412538e+01 2.5572086710e+13
1.584893e+01 3.3884540773e+13
1.778279e+01 4.4701435228e+13
1.995262e+01 5.8744578332e+13
2.238721e+01 7.6937401077e+13
2.511886e+01 1.0045910422e+14
2.818383e+01 1.3081261443e+14
3.162278e+01 1.6990966313e+14
3.548134e+01 2.2017711553e+14
3.981072e+01 2.8468956806e+14
4.466836e+01 3.6733455977e+14
5.011872e+01 4.7301769534e+14
5.623413e+01 6.0791716003e+14
6.309573e+01 7.7979927492e+14
7.079458e+01 9.9840846848e+14
7.943282e+01 1.2759490825e+15
8.912509e+01 1.6276796528e+15
1.000000e+02 2.0726452924e+15
1.122018e+02 2.6345791215e+15
1.258925e+02 3.3430110955e+15
1.412538e+02 4.2346335309e+15
1.584893e+02 5.3549655386e+15
1.778279e+02 6.7604160028e+15
1.995262e+02 8.5208093120e+15
2.238721e+02 1.0722463119e+16
2.511886e+02 1.3471986009e+16
2.818383e+02 1.6900919030e+16
3.162278e+02 2.1171421595e+16
3.548134e+02 2.6483233463e+16
3.981072e+02 3.3082195215e+16
4.466836e+02 4.1270671314e+16
5.011872e+02 5.1420298417e+16
5.623413e+02 6.3987567884e+16
6.309573e+02 7.9532871482e+16
7.079458e+02 9.8743762689e+16
7.943282e+02 1.2246336262e+17
8.912509e+02 1.5172502949e+17
1.000000e+03 1.8779465819e+17
1.122018e+03 2.3222226002e+17
1.258925e+03 2.8690484977e+17
1.412538e+03 3.5416304758e+17
1.584893e+03 4.3683441407e+17
1.778279e+03 5.3838704752e+17
1.995262e+03 6.6305785827e+17
2.238721e+03 8.1602080479e+17
2.511886e+03 1.0035914307e+18
2.818383e+03 1.2334756297e+18
3.162278e+03 1.5150718135e+18
3.548134e+03 1.8598382491e+18
3.981072e+03 2.2817390142e+18
4.466836e+03 2.7977853823e+18
5.011872e+03 3.4286930447e+18
5.623413e+03 4.1996796660e+18
6.309573e+03 5.1414320156e+18
7.079458e+03 6.2912782297e+18
7.943282e+03 7.6946095958e+18
8.912509e+03 9.4066023491e+18
1.000000e+04 1.1456687987e+19
